# Joints limits

limits:
  shoulder_pan:
    lower: -3.14159265359
    upper: 3.14159265359
    velocity: 3.15
    effort: 150.0
  shoulder_lift:
    lower: -3.14159265359
    upper: 3.14159265359
    velocity: 3.15
    effort: 150.0
  elbow_joint:
    lower: -3.14159265359
    upper: 3.14159265359
    velocity: 3.15
    effort: 150.0
  wrist_1:
    lower: -3.14159265359
    upper: 3.14159265359
    velocity: 3.2
    effort: 28.0
  wrist_2:
    lower: -3.14159265359
    upper: 3.14159265359
    velocity: 3.2
    effort: 28.0
  wrist_3:
    lower: -3.14159265359
    upper: 3.14159265359
    velocity: 3.2
    effort: 28.0

# Physical parameters

dh_parameters:
  d1: 0.089159
  a2: -0.42500
  a3: -0.39225
  d4: 0.10915
  d5: 0.09465
  d6: 0.0823

offsets:
  shoulder_offset: 0.13585 # measured from model
  elbow_offset: -0.119 # measured from model

inertia_parameters:
  base_mass: 4.0  # This mass might be incorrect
  shoulder_mass: 3.7000
  upper_arm_mass: 8.3930
  forearm_mass: 2.2750
  wrist_1_mass: 1.2190
  wrist_2_mass: 1.2190
  wrist_3_mass: 0.1879

  shoulder_radius: 0.060   # manually measured
  upper_arm_radius: 0.054  # manually measured
  elbow_radius: 0.060      # manually measured
  forearm_radius: 0.040    # manually measured
  wrist_radius: 0.045      # manually measured

  center_of_mass:
    shoulder_cog:
      x: 0.0
      y: 0.00193
      z: -0.02561
    upper_arm_cog:
      x: 0.0
      y: -0.024201
      z: 0.2125
    forearm_cog:
      x: 0.0
      y: 0.0265
      z: 0.11993
    wrist_1_cog:
      x: 0.0
      y: 0.110949
      z: 0.01634
    wrist_2_cog:
      x: 0.0
      y: 0.0018
      z: 0.11099
    wrist_3_cog:
      x: 0.0
      y: 0.001159
      z: 0.0
